Задача: Транспонировать матрицу (в качестве строк должны быть года) и создать SQL запрос для переноса этой таблицы в базу данных Postgres

	2000	2001	2002	2003	2004	2005	2006	2007	2008	2009	2010	2011	2012	2013	2014	2015	2016
Российская Федерация	10,596,494	12,665,056	14,735,363	18,325,879	19,693,844	22,720,883	25,519,867	32,512,588	40,722,695	45,030,206	49,268,061	56,312,433	63,372,380	69,162,242	74,662,421	84,132,307	95,227,542
Центральный федеральный округ	2,725,054	3,255,821	3,750,104	5,115,959	5,608,511	6,649,015	7,578,288	10,749,166	15,140,273	16,091,362	17,253,457	19,268,661	21,663,334	23,697,541	25,101,072	28,202,606	33,005,521
Белгородская область	91,121	104,287	132,926	154,954	163,134	184,987	204,718	266,137	315,502	362,809	414,836	490,199	549,760	595,218	651,359	722,745	779,454
Брянская область	69,743	74,675	89,968	109,027	119,629	124,653	131,231	156,733	163,908	174,501	190,944	219,120	237,351	262,802	288,707	314,628	382,979
Владимирская область	82,984	84,902	107,959	131,323	135,422	131,537	143,431	173,007	193,767	213,618	243,080	282,154	305,041	319,904	376,746	396,568	442,372
Воронежская область	130,492	137,197	159,833	194,971	206,485	219,479	241,408	290,633	355,708	398,422	413,436	548,808	568,998	612,600	673,928	774,171	847,844
Ивановская область	50,985	56,733	62,243	76,967	84,127	83,156	87,609	108,511	134,942	150,941	174,863	183,200	259,160	259,194	256,194	268,893	260,679
Калужская область	76,662	77,810	82,564	114,034	118,800	126,223	131,822	148,943	171,079	212,572	260,354	293,015	313,543	385,300	426,511	494,955	527,707
Костромская область	52,762	53,719	62,652	86,085	89,670	92,370	107,082	119,064	126,908	131,321	133,282	136,794	137,243	143,254	146,783	155,399	171,018
Курская область	79,291	83,221	113,702	138,953	132,474	129,943	134,620	158,408	168,922	187,428	201,350	231,384	254,912	288,422	302,736	338,998	390,900
Липецкая область	76,246	95,118	109,336	137,515	152,367	169,845	186,889	227,533	259,632	279,166	298,992	340,363	366,309	442,642	515,175	535,603	585,454
Московская область	456,845	545,024	640,414	829,725	916,799	1,067,872	1,258,925	1,758,774	2,056,892	2,309,786	2,567,627	2,817,659	2,859,107	3,036,238	3,254,763	3,923,723	4,182,861
Орловская область	45,704	52,172	62,908	70,461	75,441	75,144	84,051	103,895	119,245	127,006	136,862	151,513	169,985	183,466	197,301	211,049	235,118
Рязанская область	71,858	86,792	106,199	138,983	142,135	153,749	182,016	216,307	245,929	261,974	275,279	329,620	305,119	342,521	355,239	394,337	436,911
Смоленская область	80,255	89,417	102,129	115,843	131,934	138,258	154,800	182,261	205,797	209,883	226,450	259,839	297,716	309,767	338,375	374,477	404,753
Тамбовская область	72,860	85,820	81,983	107,919	118,805	130,404	143,576	176,854	203,206	214,955	233,378	260,634	283,770	322,458	355,620	368,575	393,289
Тверская область	108,616	114,599	116,956	166,938	178,741	200,877	234,920	286,937	311,362	351,726	383,600	405,241	495,966	505,026	530,657	517,521	632,557
Тульская область	91,798	107,472	121,771	142,947	150,159	152,776	179,823	220,266	247,825	287,689	328,580	363,623	407,761	441,178	492,762	555,871	606,213
Ярославская область	110,717	125,372	131,850	191,039	206,985	249,866	283,646	301,739	346,341	368,821	383,688	460,012	486,523	549,566	539,121	544,004	621,684
г. Москва	976,115	1,281,491	1,464,711	2,208,275	2,485,404	3,217,876	3,687,721	5,853,164	9,513,308	9,848,744	10,386,856	11,495,483	13,365,070	14,697,985	15,399,095	17,311,089	21,103,728
Северо-Западный федеральный округ	1,089,669	1,261,420	1,494,801	1,961,945	2,105,836	2,311,763	2,749,021	3,458,342	3,997,404	4,462,191	4,973,309	5,958,102	7,085,885	8,091,714	8,731,874	9,554,264	11,277,916
Республика Карелия	62,441	71,997	81,212	97,875	114,756	120,397	136,234	160,623	173,288	180,705	199,519	210,633	227,562	248,324	284,088	296,346	351,726
Республика Коми	139,652	170,489	204,116	231,490	238,830	269,140	319,178	352,260	403,536	442,040	494,592	534,908	817,453	931,974	1,199,320	1,313,103	1,574,388
Архангельская область	126,399	121,741	146,792	216,036	221,927	243,187	289,977	360,819	490,303	567,678	626,224	664,550	721,083	793,833	827,411	862,408	1,071,131
Ненецкий автономный округ	11,087	12,302	14,642	19,698	19,572	31,074	47,145	65,362	172,410	212,689	237,015	240,807	270,038	267,655	264,601	298,523	417,596
Архангельская область (кроме Ненецкого автономного округа)														526,178	562,810	563,885	653,535
Вологодская область	94,211	124,823	154,088	200,713	207,255	233,330	285,440	415,003	434,577	443,596	472,014	570,642	682,001	730,349	731,406	705,194	747,093
Калининградская область	50,342	52,778	57,695	74,321	82,936	101,578	110,006	140,622	172,802	198,586	224,893	263,673	277,760	307,060	319,158	381,900	477,890
Ленинградская область	152,084	183,019	216,045	272,488	301,211	334,029	364,148	487,366	558,270	640,429	735,311	945,246	1,223,954	1,455,749	1,500,429	1,565,787	1,692,578
Мурманская область	98,815	113,476	124,252	177,201	190,219	197,384	215,653	285,926	332,773	364,639	397,036	573,564	622,247	704,711	554,421	883,034	904,642
Новгородская область	42,889	45,099	61,701	76,950	82,948	87,080	101,513	121,947	136,168	147,749	155,134	164,472	186,040	192,819	246,875	246,248	298,082
Псковская область	49,234	52,604	60,463	67,313	69,984	73,973	81,641	94,554	108,348	118,493	126,002	141,113	151,962	162,227	159,932	161,922	169,903
г.Санкт-Петербург	273,602	325,394	388,437	547,558	595,770	651,665	845,231	1,039,222	1,187,339	1,358,276	1,542,584	1,889,301	2,175,823	2,564,668	2,908,834	3,138,322	3,990,483
Южный федеральный округ	751,036	884,169	1,005,659	1,222,505	1,350,052	1,594,994	1,705,299	2,151,594	2,539,963	2,833,532	3,160,754	3,602,663	3,949,872	4,789,298	5,760,759	6,960,709	8,016,283
Республика Адыгея	32,145	31,888	29,785	29,940	28,551	28,476	30,524	36,821	49,775	55,587	58,612	63,610	75,853	85,622	85,693	83,870	90,396
Республика Калмыкия	16,298	19,795	23,251	25,084	25,293	36,379	36,333	55,128	58,624	61,928	61,490	51,612	50,929	58,264	69,301	94,449	106,751
Республика Крым															418,246	580,285	619,934
Краснодарский край	320,174	357,321	401,259	471,529	550,733	695,811	711,485	851,785	1,010,586	1,136,749	1,275,972	1,481,887	1,696,002	2,381,530	2,791,740	3,092,728	3,543,276
Астраханская область	68,058	90,690	97,103	118,595	122,580	151,632	163,695	192,636	240,467	275,447	341,599	411,434	437,145	456,117	457,302	945,726	1,162,754
Волгоградская область	124,687	150,520	182,534	233,137	249,079	267,707	300,718	444,776	506,622	531,509	551,922	605,203	634,908	683,965	740,107	764,803	902,160
Ростовская область	189,674	233,955	271,727	344,220	373,816	414,989	462,544	570,448	673,889	772,312	871,159	988,917	1,055,035	1,123,800	1,194,677	1,383,701	1,505,416
г.Севастополь															3,693	15,147	85,596
Северо-Кавказский федеральный округ	347,705	392,059	455,298	521,971	534,020	615,439	665,688	900,254	1,045,238	1,157,648	1,297,501	1,464,076	1,618,730	1,805,125	2,149,483	2,469,563	2,785,275
Республика Дагестан	124,604	134,149	169,596	165,546	165,376	212,898	231,722	291,764	338,573	386,596	437,142	505,316	543,693	609,585	796,758	879,601	1,062,623
Республика Ингушетия	3,498	4,487	6,040	8,431	10,116	12,664	13,160	23,433	22,320	23,870	27,606	26,197	33,842	43,866	49,834	62,600	68,987
Кабардино-Балкарская Республика	35,629	35,549	44,727	52,953	54,219	57,736	58,161	68,726	78,088	85,647	102,013	115,189	122,780	129,728	134,903	146,874	161,009
Карачаево-Черкесская Республика	21,214	25,781	26,185	35,352	35,104	35,970	38,139	46,962	53,250	58,953	59,774	65,011	73,757	85,355	91,949	106,684	119,430
Республика Северная Осетия - Алания	27,657	34,402	38,684	54,014	55,531	58,489	60,793	68,555	69,639	91,713	106,269	103,664	104,680	109,438	103,274	187,401	198,240
Чеченская Республика								85,679	111,527	110,620	130,212	178,287	209,254	273,204	288,350	300,587	326,764
Ставропольский край	135,103	157,691	170,066	205,675	213,674	237,682	263,713	315,135	371,841	400,249	434,485	470,412	530,724	553,949	684,415	785,816	848,222
Приволжский федеральный округ	2,082,777	2,416,459	2,740,667	3,288,068	3,487,897	3,915,402	4,297,846	5,090,448	5,856,603	6,439,488	7,016,266	8,610,699	8,287,412	9,114,595	9,793,415	11,535,949	12,015,901
Республика Башкортостан	259,284	303,580	329,256	382,484	412,945	476,677	553,958	647,945	752,899	837,627	875,589	893,498	886,986	1,045,046	1,116,104	1,208,337	1,378,460
Республика Марий Эл	65,939	50,376	46,593	57,104	57,991	64,011	66,822	80,674	90,078	94,848	102,091	121,977	132,405	149,079	157,055	160,515	181,539
Республика Мордовия	48,528	64,471	71,158	90,275	91,792	103,114	110,711	132,095	171,097	167,412	168,345	185,958	196,879	211,796	234,039	276,475	308,941
Республика Татарстан	304,904	345,324	390,149	508,173	558,915	651,736	654,854	789,810	881,421	997,621	1,145,178	2,162,544	1,399,623	1,511,597	1,555,125	2,007,277	2,131,803
Удмуртская Республика	110,848	126,380	134,884	148,026	158,979	177,785	191,887	241,749	276,635	295,679	316,712	345,916	379,045	403,890	445,530	468,424	513,395
Чувашская Республика	74,437	97,343	102,048	130,243	134,502	145,390	161,071	206,563	233,072	252,404	271,201	303,733	312,768	340,632	345,162	377,176	387,833
Пермский край	195,032	284,607	311,519	350,663	364,418	446,990	488,487	549,018	625,856	649,630	710,807	792,780	840,083	894,454	965,005	1,053,745	1,105,762
Кировская область	80,348	95,342	108,481	133,060	137,178	150,474	159,307	185,956	201,833	216,632	233,575	264,586	275,703	293,234	307,546	360,181	399,650
Нижегородская область	191,224	215,696	274,123	322,259	344,404	391,783	471,955	575,914	661,826	749,068	839,088	912,893	999,092	1,074,521	1,293,265	1,901,596	1,615,184
Оренбургская область	131,164	156,926	174,855	183,290	182,621	195,410	233,488	283,114	347,084	395,642	451,584	540,250	603,908	732,726	742,655	821,718	874,108
Пензенская область	82,493	84,961	99,991	130,998	138,733	150,264	162,354	179,407	209,922	239,561	254,971	259,696	288,031	309,493	371,449	466,390	449,265
Самарская область	271,101	302,370	352,001	447,045	495,420	537,996	575,194	662,406	754,880	804,283	856,348	962,876	1,042,739	1,130,358	1,227,029	1,334,762	1,476,458
Саратовская область	184,931	197,679	246,511	288,070	291,367	299,768	336,932	400,495	472,211	505,229	537,399	584,736	627,234	693,029	692,426	729,487	816,719
Ульяновская область	82,544	91,404	99,098	116,378	118,632	124,004	130,826	155,302	177,789	233,852	253,378	279,256	302,916	324,740	341,025	369,866	376,784
Уральский федеральный округ	1,480,677	2,084,861	2,633,188	3,048,002	3,250,417	4,028,189	4,510,549	5,231,700	6,313,601	6,952,446	7,947,044	8,485,098	10,389,012	10,594,296	11,009,996	11,559,770	13,185,972
Курганская область	59,630	56,646	75,353	92,517	88,238	93,413	98,106	118,464	132,466	148,051	156,252	166,323	190,164	219,031	225,838	304,943	310,956
Свердловская область	346,402	393,418	522,531	621,411	658,805	788,015	832,231	900,996	1,040,808	1,131,790	1,274,279	1,417,571	1,862,561	1,863,839	2,061,428	2,224,179	2,590,159
Тюменская область	842,276	1,384,505	1,728,538	1,918,735	2,065,881	2,677,736	3,062,197	3,540,287	4,377,430	4,881,187	5,665,215	5,973,968	7,349,529	7,462,151	7,535,378	7,710,496	8,828,019
Ханты-Мансийский автономный округ-Югра	555,633	756,604	909,374	994,049	1,104,590	1,410,981	1,551,831	1,802,457	2,192,965	2,448,991	2,878,038	2,797,507	3,246,736	3,611,421	3,370,698	3,508,324	3,730,917
Ямало-Ненецкий автономный округ	171,770	426,116	639,967	727,942	775,207	1,068,389	1,229,739	1,357,654	1,755,192	1,917,933	2,192,999	2,498,437	3,291,630	2,984,188	3,289,929	3,292,743	4,045,675
Тюменская область (кроме Ханты-Мансийского автономного округа - Югры и Ямало-Ненецкого автономного округа)														866,542	874,751	909,429	1,051,427
Челябинская область	232,369	250,292	306,766	415,339	437,493	469,025	518,015	671,953	762,897	791,418	851,298	927,236	986,758	1,049,275	1,187,352	1,320,152	1,456,838
Сибирский федеральный округ	1,264,044	1,378,147	1,566,589	1,839,138	1,972,101	2,093,319	2,345,590	2,894,855	3,420,044	4,070,951	4,412,232	4,934,251	5,506,747	5,808,188	6,346,656	6,737,236	7,213,750
Республика Алтай	10,960	13,121	12,856	12,992	13,479	14,633	16,001	22,357	24,547	26,721	30,095	39,891	43,860	58,322	57,126	74,461	81,431
Республика Тыва	9,604	9,599	9,741	11,528	11,666	11,808	13,124	15,957	17,332	19,398	21,033	27,065	33,801	37,488	43,653	47,166	53,209
Республика Хакасия	40,634	45,764	53,137	61,627	73,361	71,621	81,624	115,501	149,789	148,332	155,194	177,899	189,999	200,459	230,468	245,803	247,406
Алтайский край	121,861	133,644	148,168	184,044	193,119	196,093	221,893	265,505	303,369	338,435	363,956	377,797	407,099	444,486	458,554	468,567	487,517
Красноярский край	255,249	287,522	342,715	406,016	434,737	441,838	488,406	565,639	655,126	789,394	864,863	954,892	1,100,479	1,251,308	1,373,117	1,553,309	1,728,387
Иркутская область	226,590	244,715	278,384	303,408	319,276	330,933	333,965	407,066	574,122	895,558	984,985	1,168,171	1,244,660	1,095,918	1,105,307	1,116,737	1,284,393
Кемеровская область - Кузбасс	201,059	215,351	232,554	265,916	287,558	343,671	409,330	500,583	562,984	600,102	646,204	719,869	848,050	982,119	1,104,003	1,140,618	1,210,930
Новосибирская область	195,308	203,937	227,818	266,188	287,537	314,604	366,663	451,782	526,075	583,908	628,653	637,267	713,941	783,488	946,878	1,030,359	1,070,941
Омская область	106,561	114,833	137,576	164,306	171,870	179,511	204,382	270,164	298,527	326,690	352,162	377,863	424,082	461,200	515,173	534,990	534,019
Томская область	96,218	109,661	123,640	163,113	179,498	188,607	210,202	280,301	308,173	342,413	365,087	453,537	500,776	493,400	512,377	525,226	515,517
Дальневосточный федеральный округ	855,532	992,120	1,089,057	1,328,291	1,385,010	1,512,762	1,667,586	2,036,229	2,409,569	3,022,588	3,207,498	3,988,883	4,871,388	5,261,485	5,769,166	7,112,210	7,726,924
Республика Бурятия	68,355	88,793	102,618	108,347	115,797	127,302	119,857	169,698	194,849	207,667	221,137	236,571	263,805	281,620	298,191	299,927	318,888
Республика Саха (Якутия)	143,100	153,091	170,145	221,960	239,701	268,970	289,433	339,427	423,503	426,726	437,648	516,937	756,354	829,896	920,557	1,003,750	1,170,371
Забайкальский край	74,678	100,760	122,275	133,029	130,282	152,732	182,571	212,870	242,508	266,304	284,866	314,933	362,229	386,086	470,713	534,304	591,282
Камчатский край	44,178	42,828	45,801	51,354	57,670	57,571	63,143	85,187	90,141	93,677	101,806	142,329	156,233	173,080	192,922	208,266	272,793
Приморский край	107,546	137,000	171,750	238,677	246,919	246,146	235,317	298,408	318,776	404,423	450,512	757,406	1,054,509	1,111,957	1,026,600	1,697,946	1,957,439
Хабаровский край	192,407	217,787	185,014	202,848	205,079	220,018	241,823	304,613	338,204	379,694	408,619	584,914	716,671	784,913	853,965	868,989	934,891
Амурская область	102,635	122,773	144,302	196,324	204,769	238,812	259,748	303,943	311,764	331,922	351,098	385,833	459,957	483,684	479,077	484,400	556,024
Магаданская область	28,400	31,358	37,950	42,991	43,656	42,412	42,549	52,044	54,098	61,776	62,036	64,625	78,906	126,111	119,422	132,353	147,715
Сахалинская область	67,050	71,581	79,736	97,720	101,919	117,561	181,414	200,649	356,778	769,333	789,534	874,985	871,676	918,019	1,231,365	1,696,014	1,515,812
Еврейская автономная область	14,355	17,437	19,987	24,319	25,379	30,008	35,057	50,704	54,473	52,448	67,324	76,008	115,983	115,816	121,568	128,599	141,533
Чукотский автономный округ	12,828	8,712	9,479	10,722	13,839	11,230	16,674	18,686	24,475	28,618	32,918	34,342	35,065	50,303	54,786	57,662	120,176


ВАЖНО: обратить внимание на то, чтобы на пересечении оставались те же числа, что и в оригинальных данных.